NumOfTips,LikCalculations,Time,isInfLik
0010,5000,0003.335,0
0010,5000,0001.753,0
0010,5000,0001.194,0
0010,5000,0001.230,0
0010,5000,0000.988,0
0010,5000,0001.263,0
0010,5000,0001.071,0
0010,5000,0001.075,0
0010,5000,0000.986,0
0010,5000,0001.091,0
0010,5000,0000.923,0
0010,5000,0001.032,0
0010,5000,0001.098,0
0010,5000,0001.032,0
0010,5000,0001.122,0
0010,5000,0001.100,0
0010,5000,0001.169,0
0010,5000,0000.960,0
0010,5000,0001.131,0
0010,5000,0001.092,0
0010,5000,0000.881,0
0010,5000,0001.236,0
0010,5000,0000.835,0
0010,5000,0000.858,0
0010,5000,0001.012,0
0010,5000,0000.868,0
0010,5000,0001.043,0
0010,5000,0001.050,0
0010,5000,0001.131,0
0010,5000,0000.899,0
0010,5000,0001.030,0
0010,5000,0001.147,0
0010,5000,0001.169,0
0010,5000,0001.421,0
0010,5000,0001.031,0
0010,5000,0001.401,0
0010,5000,0001.187,0
0010,5000,0000.911,0
0010,5000,0000.987,0
0010,5000,0001.051,0
0010,5000,0000.956,0
0010,5000,0000.961,0
0010,5000,0000.946,0
0010,5000,0000.985,0
0010,5000,0001.187,0
0010,5000,0000.954,0
0010,5000,0000.747,0
0010,5000,0000.882,0
0010,5000,0000.852,0
0010,5000,0001.038,0
0025,5000,0002.393,0
0025,5000,0002.312,0
0025,5000,0001.956,0
0025,5000,0002.253,0
0025,5000,0002.550,0
0025,5000,0001.948,0
0025,5000,0002.502,0
0025,5000,0002.183,0
0025,5000,0002.236,0
0025,5000,0002.211,0
0025,5000,0002.099,0
0025,5000,0002.176,0
0025,5000,0002.241,0
0025,5000,0002.367,0
0025,5000,0002.277,0
0025,5000,0002.294,0
0025,5000,0001.982,0
0025,5000,0002.177,0
0025,5000,0002.207,0
0025,5000,0001.772,0
0025,5000,0002.168,0
0025,5000,0002.271,0
0025,5000,0002.310,0
0025,5000,0002.175,0
0025,5000,0002.436,0
0025,5000,0002.079,0
0025,5000,0002.326,0
0025,5000,0002.021,0
0025,5000,0002.315,0
0025,5000,0002.167,0
0025,5000,0002.413,0
0025,5000,0001.948,0
0025,5000,0002.010,0
0025,5000,0002.016,0
0025,5000,0002.164,0
0025,5000,0002.145,0
0025,5000,0002.046,0
0025,5000,0002.407,0
0025,5000,0002.219,0
0025,5000,0002.076,0
0025,5000,0002.011,0
0025,5000,0002.228,0
0025,5000,0002.111,0
0025,5000,0001.893,0
0025,5000,0001.983,0
0025,5000,0001.952,0
0025,5000,0001.848,0
0025,5000,0001.907,0
0025,5000,0001.739,0
0025,5000,0002.098,0
0050,5000,0003.770,0
0050,5000,0003.760,0
0050,5000,0003.854,0
0050,5000,0004.287,0
0050,5000,0003.827,0
0050,5000,0003.889,0
0050,5000,0004.265,0
0050,5000,0003.835,0
0050,5000,0003.341,0
0050,5000,0003.795,0
0050,5000,0003.294,0
0050,5000,0004.083,0
0050,5000,0003.929,0
0050,5000,0003.217,0
0050,5000,0003.662,0
0050,5000,0003.944,0
0050,5000,0003.788,0
0050,5000,0003.529,0
0050,5000,0003.320,0
0050,5000,0003.703,0
0050,5000,0003.730,0
0050,5000,0004.379,0
0050,5000,0004.300,0
0050,5000,0003.692,0
0050,5000,0003.619,0
0050,5000,0003.843,0
0050,5000,0003.737,0
0050,5000,0004.154,0
0050,5000,0003.974,0
0050,5000,0003.999,0
0050,5000,0003.636,0
0050,5000,0003.772,0
0050,5000,0003.784,0
0050,5000,0003.777,0
0050,5000,0004.050,0
0050,5000,0003.554,0
0050,5000,0004.038,0
0050,5000,0003.617,0
0050,5000,0004.352,0
0050,5000,0003.723,0
0050,5000,0004.379,0
0050,5000,0004.087,0
0050,5000,0004.060,0
0050,5000,0004.060,0
0050,5000,0004.349,0
0050,5000,0004.195,0
0050,5000,0004.093,0
0050,5000,0003.721,0
0050,5000,0003.634,0
0050,5000,0003.969,0
0100,5000,0006.497,0
0100,5000,0006.506,0
0100,5000,0007.597,0
0100,5000,0006.707,0
0100,5000,0006.759,0
0100,5000,0006.957,0
0100,5000,0006.617,0
0100,5000,0006.168,0
0100,5000,0006.767,0
0100,5000,0007.154,0
0100,5000,0006.416,0
0100,5000,0006.925,0
0100,5000,0007.235,0
0100,5000,0007.616,0
0100,5000,0006.477,0
0100,5000,0006.421,0
0100,5000,0005.961,0
0100,5000,0006.989,0
0100,5000,0005.900,0
0100,5000,0006.865,0
0100,5000,0006.229,0
0100,5000,0006.938,0
0100,5000,0007.842,0
0100,5000,0006.974,0
0100,5000,0006.928,0
0100,5000,0007.165,0
0100,5000,0006.976,0
0100,5000,0006.359,0
0100,5000,0008.104,0
0100,5000,0008.173,0
0100,5000,0007.710,0
0100,5000,0006.619,0
0100,5000,0006.912,0
0100,5000,0006.704,0
0100,5000,0007.354,0
0100,5000,0006.357,0
0100,5000,0007.493,0
0100,5000,0006.766,0
0100,5000,0006.282,0
0100,5000,0007.282,0
0100,5000,0006.757,0
0100,5000,0008.018,0
0100,5000,0007.342,0
0100,5000,0007.596,0
0100,5000,0008.316,0
0100,5000,0007.596,0
0100,5000,0006.324,0
0100,5000,0005.731,0
0100,5000,0005.958,0
0100,5000,0006.621,0
0150,5000,0009.758,0
0150,5000,0008.801,0
0150,5000,0008.987,0
0150,5000,0008.520,0
0150,5000,0008.714,0
0150,5000,0010.262,0
0150,5000,0008.621,0
0150,5000,0008.416,0
0150,5000,0008.922,0
0150,5000,0008.585,0
0150,5000,0008.664,0
0150,5000,0008.743,0
0150,5000,0009.250,0
0150,5000,0008.290,0
0150,5000,0008.988,0
0150,5000,0009.526,0
0150,5000,0008.538,0
0150,5000,0010.048,0
0150,5000,0008.386,0
0150,5000,0008.431,0
0150,5000,0008.514,0
0150,5000,0007.837,0
0150,5000,0007.963,0
0150,5000,0008.364,0
0150,5000,0008.195,0
0150,5000,0009.156,0
0150,5000,0008.217,0
0150,5000,0008.169,0
0150,5000,0008.601,0
0150,5000,0008.889,0
0150,5000,0007.817,0
0150,5000,0008.782,0
0150,5000,0008.907,0
0150,5000,0008.263,0
0150,5000,0008.213,0
0150,5000,0008.565,0
0150,5000,0008.330,0
0150,5000,0009.793,0
0150,5000,0008.208,0
0150,5000,0008.802,0
0150,5000,0008.453,0
0150,5000,0008.476,0
0150,5000,0008.887,0
0150,5000,0009.022,0
0150,5000,0008.428,0
0150,5000,0008.875,0
0150,5000,0008.572,0
0150,5000,0008.613,0
0150,5000,0008.791,0
0150,5000,0008.482,0
0200,5000,0011.589,0
0200,5000,0010.565,0
0200,5000,0011.987,0
0200,5000,0012.225,0
0200,5000,0011.401,0
0200,5000,0012.066,0
0200,5000,0010.880,0
0200,5000,0012.498,0
0200,5000,0011.212,0
0200,5000,0012.669,0
0200,5000,0012.526,0
0200,5000,0012.199,0
0200,5000,0012.092,0
0200,5000,0011.573,0
0200,5000,0011.730,0
0200,5000,0010.286,0
0200,5000,0011.641,0
0200,5000,0011.425,0
0200,5000,0011.511,0
0200,5000,0012.458,0
0200,5000,0011.761,0
0200,5000,0011.018,0
0200,5000,0010.484,0
0200,5000,0011.400,0
0200,5000,0010.824,0
0200,5000,0011.284,0
0200,5000,0010.790,0
0200,5000,0011.683,0
0200,5000,0011.449,0
0200,5000,0011.209,0
0200,5000,0012.117,0
0200,5000,0011.187,0
0200,5000,0011.493,0
0200,5000,0011.870,0
0200,5000,0012.150,0
0200,5000,0011.711,0
0200,5000,0012.210,0
0200,5000,0010.848,0
0200,5000,0011.573,0
0200,5000,0011.079,0
0200,5000,0012.064,0
0200,5000,0010.962,0
0200,5000,0012.077,0
0200,5000,0011.422,0
0200,5000,0011.530,0
0200,5000,0011.242,0
0200,5000,0014.479,0
0200,5000,0010.935,0
0200,5000,0011.790,0
0200,5000,0010.781,0
0250,5000,0015.353,0
0250,5000,0014.126,0
0250,5000,0018.330,0
0250,5000,0014.884,0
0250,5000,0014.321,0
0250,5000,0014.552,0
0250,5000,0012.586,0
0250,5000,0015.259,0
0250,5000,0015.713,0
0250,5000,0014.525,0
0250,5000,0013.201,0
0250,5000,0014.690,0
0250,5000,0013.831,0
0250,5000,0013.878,0
0250,5000,0016.966,0
0250,5000,0012.496,0
0250,5000,0014.939,0
0250,5000,0013.589,0
0250,5000,0014.292,0
0250,5000,0013.690,0
0250,5000,0014.937,0
0250,5000,0013.306,0
0250,5000,0013.717,0
0250,5000,0015.434,0
0250,5000,0014.950,0
0250,5000,0014.620,0
0250,5000,0014.051,0
0250,5000,0014.625,0
0250,5000,0013.489,0
0250,5000,0014.159,0
0250,5000,0014.274,0
0250,5000,0012.704,0
0250,5000,0013.807,0
0250,5000,0014.482,0
0250,5000,0013.917,0
0250,5000,0016.403,0
0250,5000,0013.218,0
0250,5000,0014.562,0
0250,5000,0014.075,0
0250,5000,0014.915,0
0250,5000,0015.537,0
0250,5000,0015.484,0
0250,5000,0013.581,0
0250,5000,0014.394,0
0250,5000,0013.036,0
0250,5000,0014.206,0
0250,5000,0013.831,0
0250,5000,0013.721,0
0250,5000,0015.036,0
0250,5000,0014.830,0
0300,5000,0017.135,0
0300,5000,0016.037,0
0300,5000,0016.467,0
0300,5000,0018.130,0
0300,5000,0018.107,0
0300,5000,0016.692,0
0300,5000,0016.731,0
0300,5000,0016.983,0
0300,5000,0016.507,0
0300,5000,0017.277,0
0300,5000,0016.962,0
0300,5000,0017.356,0
0300,5000,0016.557,0
0300,5000,0017.923,0
0300,5000,0017.810,0
0300,5000,0017.213,0
0300,5000,0017.920,0
0300,5000,0019.911,0
0300,5000,0018.522,0
0300,5000,0018.227,0
0300,5000,0018.226,0
0300,5000,0017.123,0
0300,5000,0016.163,0
0300,5000,0017.289,0
0300,5000,0017.210,0
0300,5000,0015.809,0
0300,5000,0017.501,0
0300,5000,0016.783,0
0300,5000,0017.182,0
0300,5000,0017.589,0
0300,5000,0018.379,0
0300,5000,0019.855,0
0300,5000,0016.565,0
0300,5000,0016.326,0
0300,5000,0016.829,0
0300,5000,0016.598,0
0300,5000,0018.277,0
0300,5000,0016.655,0
0300,5000,0016.508,0
0300,5000,0016.707,0
0300,5000,0015.654,0
0300,5000,0018.540,0
0300,5000,0016.781,0
0300,5000,0016.973,0
0300,5000,0016.248,0
0300,5000,0015.612,0
0300,5000,0017.199,0
0300,5000,0017.266,0
0300,5000,0017.094,0
0300,5000,0016.877,0
0400,5000,0021.856,0
0400,5000,0021.822,0
0400,5000,0020.528,0
0400,5000,0021.807,0
0400,5000,0026.458,0
0400,5000,0023.528,0
0400,5000,0021.781,0
0400,5000,0023.759,0
0400,5000,0022.883,0
0400,5000,0021.477,0
0400,5000,0024.027,0
0400,5000,0023.930,0
0400,5000,0021.101,0
0400,5000,0021.074,0
0400,5000,0022.252,0
0400,5000,0022.433,0
0400,5000,0022.517,0
0400,5000,0020.996,0
0400,5000,0021.875,0
0400,5000,0022.304,0
0400,5000,0022.714,0
0400,5000,0021.588,0
0400,5000,0021.848,0
0400,5000,0021.386,0
0400,5000,0021.338,0
0400,5000,0022.933,0
0400,5000,0021.884,0
0400,5000,0022.733,0
0400,5000,0022.823,0
0400,5000,0020.990,0
0400,5000,0022.828,0
0400,5000,0022.629,0
0400,5000,0023.269,0
0400,5000,0022.664,0
0400,5000,0020.873,0
0400,5000,0022.609,0
0400,5000,0023.330,0
0400,5000,0023.774,0
0400,5000,0022.830,0
0400,5000,0022.517,0
0400,5000,0024.385,0
0400,5000,0024.147,0
0400,5000,0022.693,0
0400,5000,0022.668,0
0400,5000,0023.381,0
0400,5000,0022.002,0
0400,5000,0021.737,0
0400,5000,0023.010,0
0400,5000,0024.483,0
0400,5000,0023.238,0
0500,5000,0026.685,0
0500,5000,0025.717,0
0500,5000,0028.504,0
0500,5000,0027.456,0
0500,5000,0031.136,0
0500,5000,0029.746,0
0500,5000,0029.046,0
0500,5000,0033.110,0
0500,5000,0028.117,0
0500,5000,0027.795,0
0500,5000,0028.907,0
0500,5000,0027.620,0
0500,5000,0029.309,0
0500,5000,0027.758,0
0500,5000,0030.161,0
0500,5000,0030.400,0
0500,5000,0027.843,0
0500,5000,0030.371,0
0500,5000,0028.634,0
0500,5000,0026.612,0
0500,5000,0028.639,0
0500,5000,0031.858,0
0500,5000,0027.639,0
0500,5000,0028.249,0
0500,5000,0027.025,0
0500,5000,0028.118,0
0500,5000,0027.786,0
0500,5000,0026.724,0
0500,5000,0028.517,0
0500,5000,0029.480,0
0500,5000,0029.513,0
0500,5000,0027.823,0
0500,5000,0028.605,0
0500,5000,0028.415,0
0500,5000,0027.321,0
0500,5000,0027.220,0
0500,5000,0027.180,0
0500,5000,0028.752,0
0500,5000,0027.350,0
0500,5000,0029.279,0
0500,5000,0027.398,0
0500,5000,0027.139,0
0500,5000,0026.331,0
0500,5000,0027.641,0
0500,5000,0028.086,0
0500,5000,0029.328,0
0500,5000,0029.403,0
0500,5000,0029.136,0
0500,5000,0029.585,0
0500,5000,0029.494,0
0600,5000,0031.887,0
0600,5000,0035.219,0
0600,5000,0032.645,0
0600,5000,0033.352,0
0600,5000,0037.138,0
0600,5000,0032.180,0
0600,5000,0033.502,0
0600,5000,0034.265,0
0600,5000,0035.403,0
0600,5000,0034.638,0
0600,5000,0032.963,0
0600,5000,0034.276,0
0600,5000,0032.299,0
0600,5000,0039.312,0
0600,5000,0036.233,0
0600,5000,0033.714,0
0600,5000,0032.941,0
0600,5000,0034.342,0
0600,5000,0035.200,0
0600,5000,0033.778,0
0600,5000,0034.034,0
0600,5000,0032.246,0
0600,5000,0032.971,0
0600,5000,0036.239,0
0600,5000,0035.449,0
0600,5000,0035.054,0
0600,5000,0032.892,0
0600,5000,0032.050,0
0600,5000,0034.224,0
0600,5000,0032.585,0
0600,5000,0032.533,0
0600,5000,0034.346,0
0600,5000,0035.284,0
0600,5000,0033.431,0
0600,5000,0032.889,0
0600,5000,0035.486,0
0600,5000,0032.995,0
0600,5000,0039.836,0
0600,5000,0032.024,0
0600,5000,0032.590,0
0600,5000,0033.180,0
0600,5000,0035.564,0
0600,5000,0031.498,0
0600,5000,0035.208,0
0600,5000,0033.469,0
0600,5000,0032.201,0
0600,5000,0033.050,0
0600,5000,0034.228,0
0600,5000,0033.820,0
0600,5000,0037.232,0
0800,5000,0044.950,0
0800,5000,0047.798,0
0800,5000,0049.075,0
0800,5000,0047.178,0
0800,5000,0048.847,0
0800,5000,0046.586,0
0800,5000,0050.644,0
0800,5000,0045.443,0
0800,5000,0042.120,0
0800,5000,0045.612,0
0800,5000,0049.536,0
0800,5000,0043.648,0
0800,5000,0055.721,0
0800,5000,0046.116,0
0800,5000,0048.533,0
0800,5000,0047.985,0
0800,5000,0045.553,0
0800,5000,0049.629,0
0800,5000,0043.728,0
0800,5000,0044.318,0
0800,5000,0045.462,0
0800,5000,0042.596,0
0800,5000,0048.034,0
0800,5000,0042.303,0
0800,5000,0042.838,0
0800,5000,0046.990,0
0800,5000,0046.826,0
0800,5000,0039.990,0
0800,5000,0043.064,0
0800,5000,0045.324,0
0800,5000,0048.246,0
0800,5000,0044.558,0
0800,5000,0052.884,0
0800,5000,0050.808,0
0800,5000,0051.474,0
0800,5000,0045.313,0
0800,5000,0054.600,0
0800,5000,0046.855,0
0800,5000,0047.608,0
0800,5000,0045.419,0
0800,5000,0045.381,0
0800,5000,0046.123,0
0800,5000,0048.176,0
0800,5000,0049.749,0
0800,5000,0045.142,0
0800,5000,0044.993,0
0800,5000,0045.210,0
0800,5000,0045.433,0
0800,5000,0044.206,0
0800,5000,0045.754,0
1000,5000,0057.248,0
1000,5000,0057.834,0
1000,5000,0055.107,0
1000,5000,0060.640,0
1000,5000,0063.459,0
1000,5000,0065.712,0
1000,5000,0063.497,0
1000,5000,0066.529,0
1000,5000,0058.683,0
1000,5000,0054.794,0
1000,5000,0057.373,0
1000,5000,0060.744,0
1000,5000,0053.183,0
1000,5000,0058.832,0
1000,5000,0063.903,0
1000,5000,0059.972,0
1000,5000,0054.435,0
1000,5000,0053.822,0
1000,5000,0052.898,0
1000,5000,0058.206,0
1000,5000,0058.444,0
1000,5000,0057.793,0
1000,5000,0068.217,0
1000,5000,0058.009,0
1000,5000,0056.808,0
1000,5000,0061.827,0
1000,5000,0057.508,0
1000,5000,0061.196,0
1000,5000,0055.748,0
1000,5000,0055.040,0
1000,5000,0060.157,0
1000,5000,0057.042,0
1000,5000,0056.347,0
1000,5000,0057.777,0
1000,5000,0054.237,0
1000,5000,0061.418,0
1000,5000,0060.601,0
1000,5000,0056.634,0
1000,5000,0061.882,0
1000,5000,0061.743,0
1000,5000,0060.592,0
1000,5000,0059.153,0
1000,5000,0059.301,0
1000,5000,0058.385,0
1000,5000,0057.010,0
1000,5000,0059.635,0
1000,5000,0062.133,0
1000,5000,0063.531,0
1000,5000,0057.853,0
1000,5000,0058.647,0
