NumOfTips,LikCalculations,Time,isInfLik
0010,5000,0013.058,0
0010,5000,0012.671,0
0010,5000,0010.245,0
0010,5000,0013.362,0
0010,5000,0009.567,0
0010,5000,0013.500,0
0010,5000,0012.059,0
0010,5000,0014.666,0
0010,5000,0012.009,0
0010,5000,0009.169,0
0010,5000,0012.788,0
0010,5000,0012.074,0
0010,5000,0013.954,0
0010,5000,0015.969,0
0010,5000,0008.442,0
0010,5000,0010.889,0
0010,5000,0011.591,0
0010,5000,0013.118,0
0010,5000,0010.436,0
0010,5000,0010.880,0
0010,5000,0009.412,0
0010,5000,0013.280,0
0010,5000,0014.253,0
0010,5000,0012.145,0
0010,5000,0012.961,0
0010,5000,0010.566,0
0010,5000,0015.354,0
0010,5000,0011.506,0
0010,5000,0014.279,0
0010,5000,0009.590,0
0010,5000,0008.241,0
0010,5000,0011.137,0
0010,5000,0012.317,0
0010,5000,0011.538,0
0010,5000,0007.416,0
0010,5000,0010.152,0
0010,5000,0011.356,0
0010,5000,0010.804,0
0010,5000,0011.080,0
0010,5000,0011.125,0
0010,5000,0011.318,0
0010,5000,0011.127,0
0010,5000,0012.563,0
0010,5000,0013.136,0
0010,5000,0011.939,0
0010,5000,0013.460,0
0010,5000,0014.473,0
0010,5000,0013.630,0
0010,5000,0010.468,0
0010,5000,0012.919,0
0025,5000,0015.778,0
0025,5000,0015.944,0
0025,5000,0024.641,0
0025,5000,0025.000,0
0025,5000,0019.993,0
0025,5000,0024.510,0
0025,5000,0022.482,0
0025,5000,0026.639,0
0025,5000,0026.937,0
0025,5000,0028.458,0
0025,5000,0019.906,0
0025,5000,0025.944,0
0025,5000,0027.230,0
0025,5000,0024.873,0
0025,5000,0019.018,0
0025,5000,0019.214,0
0025,5000,0024.681,0
0025,5000,0024.643,0
0025,5000,0023.615,0
0025,5000,0021.035,0
0025,5000,0026.751,0
0025,5000,0024.484,0
0025,5000,0021.229,0
0025,5000,0024.610,0
0025,5000,0025.058,0
0025,5000,0029.631,0
0025,5000,0019.384,0
0025,5000,0029.076,0
0025,5000,0022.198,0
0025,5000,0021.886,0
0025,5000,0031.495,0
0025,5000,0026.615,0
0025,5000,0021.640,0
0025,5000,0018.036,0
0025,5000,0017.029,0
0025,5000,0025.077,0
0025,5000,0027.771,0
0025,5000,0021.037,0
0025,5000,0022.579,0
0025,5000,0028.096,0
0025,5000,0028.029,0
0025,5000,0026.642,0
0025,5000,0024.394,0
0025,5000,0023.061,0
0025,5000,0024.750,0
0025,5000,0024.167,0
0025,5000,0027.112,0
0025,5000,0023.836,0
0025,5000,0031.247,0
0025,5000,0026.609,0
0050,5000,0043.605,0
0050,5000,0052.033,0
0050,5000,0043.215,0
0050,5000,0036.883,0
0050,5000,0032.168,0
0050,5000,0033.817,0
0050,5000,0049.444,0
0050,5000,0048.147,0
0050,5000,0042.229,0
0050,5000,0052.323,0
0050,5000,0059.976,0
0050,5000,0043.956,0
0050,5000,0052.769,0
0050,5000,0043.126,0
0050,5000,0043.836,0
0050,5000,0043.953,0
0050,5000,0041.145,0
0050,5000,0046.981,0
0050,5000,0040.171,0
0050,5000,0029.923,0
0050,5000,0047.043,0
0050,5000,0038.147,0
0050,5000,0041.868,0
0050,5000,0042.683,0
0050,5000,0054.777,0
0050,5000,0042.478,0
0050,5000,0046.025,0
0050,5000,0042.709,0
0050,5000,0046.906,0
0050,5000,0052.515,0
0050,5000,0048.562,0
0050,5000,0044.757,0
0050,5000,0035.194,0
0050,5000,0032.342,0
0050,5000,0047.248,0
0050,5000,0036.337,0
0050,5000,0038.312,0
0050,5000,0034.144,0
0050,5000,0036.499,0
0050,5000,0053.099,0
0050,5000,0039.882,0
0050,5000,0037.036,0
0050,5000,0047.336,0
0050,5000,0045.220,0
0050,5000,0037.777,0
0050,5000,0044.396,0
0050,5000,0038.469,0
0050,5000,0047.459,0
0050,5000,0055.820,0
0050,5000,0046.405,0
0100,5000,0076.777,0
0100,5000,0095.487,0
0100,5000,0085.149,0
0100,5000,0085.412,0
0100,5000,0086.873,0
0100,5000,0063.427,0
0100,5000,0054.854,0
0100,5000,0069.618,0
0100,5000,0071.575,0
0100,5000,0077.295,0
0100,5000,0076.311,0
0100,5000,0071.091,0
0100,5000,0066.742,0
0100,5000,0067.714,0
0100,5000,0077.118,0
0100,5000,0085.980,0
0100,5000,0089.686,0
0100,5000,0081.282,0
0100,5000,0092.187,0
0100,5000,0092.724,0
0100,5000,0069.167,0
0100,5000,0069.016,0
0100,5000,0061.806,0
0100,5000,0069.677,0
0100,5000,0080.815,0
0100,5000,0073.954,0
0100,5000,0071.011,0
0100,5000,0081.119,0
0100,5000,0085.366,0
0100,5000,0069.501,0
0100,5000,0074.223,0
0100,5000,0043.402,0
0100,5000,0077.592,0
0100,5000,0060.469,0
0100,5000,0068.223,0
0100,5000,0073.893,0
0100,5000,0065.386,0
0100,5000,0070.587,0
0100,5000,0058.273,0
0100,5000,0091.323,0
0100,5000,0044.977,0
0100,5000,0052.312,0
0100,5000,0066.869,0
0100,5000,0074.999,0
0100,5000,0061.401,0
0100,5000,0086.555,0
0100,5000,0086.895,0
0100,5000,0058.423,0
0100,5000,0063.466,0
0100,5000,0070.375,0
0150,5000,0088.304,0
0150,5000,0105.795,0
0150,5000,0096.096,0
0150,5000,0100.672,0
0150,5000,0076.446,0
0150,5000,0096.823,0
0150,5000,0070.476,0
0150,5000,0119.963,0
0150,5000,0083.958,0
0150,5000,0083.955,0
0150,5000,0121.441,0
0150,5000,0073.958,0
0150,5000,0116.735,0
0150,5000,0101.985,0
0150,5000,0126.767,0
0150,5000,0080.469,0
0150,5000,0080.634,0
0150,5000,0092.595,0
0150,5000,0086.781,0
0150,5000,0079.703,0
0150,5000,0115.580,0
0150,5000,0103.199,0
0150,5000,0099.524,0
0150,5000,0094.334,0
0150,5000,0065.322,0
0150,5000,0105.942,0
0150,5000,0116.281,0
0150,5000,0103.137,0
0150,5000,0104.995,0
0150,5000,0113.978,0
0150,5000,0098.471,0
0150,5000,0094.974,0
0150,5000,0108.374,0
0150,5000,0124.730,0
0150,5000,0112.023,0
0150,5000,0113.530,0
0150,5000,0086.607,0
0150,5000,0108.233,0
0150,5000,0101.571,0
0150,5000,0099.264,0
0150,5000,0111.598,0
0150,5000,0066.561,0
0150,5000,0095.567,0
0150,5000,0086.592,0
0150,5000,0074.670,0
0150,5000,0091.406,0
0150,5000,0082.314,0
0150,5000,0097.355,0
0150,5000,0095.331,0
0150,5000,0103.784,0
0200,5000,0159.498,0
0200,5000,0166.815,0
0200,5000,0138.834,0
0200,5000,0145.433,0
0200,5000,0147.176,0
0200,5000,0120.990,0
0200,5000,0141.185,0
0200,5000,0126.651,0
0200,5000,0085.603,0
0200,5000,0152.573,0
0200,5000,0141.788,0
0200,5000,0108.743,0
0200,5000,0114.819,0
0200,5000,0120.279,0
0200,5000,0132.476,0
0200,5000,0146.267,0
0200,5000,0186.240,0
0200,5000,0114.906,0
0200,5000,0111.405,0
0200,5000,0151.775,0
0200,5000,0145.130,0
0200,5000,0126.749,0
0200,5000,0119.676,0
0200,5000,0144.937,0
0200,5000,0191.302,0
0200,5000,0148.461,0
0200,5000,0162.533,0
0200,5000,0133.502,0
0200,5000,0095.675,0
0200,5000,0144.903,0
0200,5000,0154.729,0
0200,5000,0146.441,0
0200,5000,0170.450,1
0200,5000,0150.546,0
0200,5000,0097.891,0
0200,5000,0121.278,0
0200,5000,0168.673,0
0200,5000,0113.576,0
0200,5000,0131.652,0
0200,5000,0088.233,0
0200,5000,0097.161,0
0200,5000,0137.481,0
0200,5000,0143.464,0
0200,5000,0139.616,0
0200,5000,0107.474,0
0200,5000,0151.131,0
0200,5000,0103.429,0
0200,5000,0119.433,0
0200,5000,0159.508,0
0200,5000,0137.473,0
0250,5000,0173.474,0
0250,5000,0164.974,1
0250,5000,0153.486,0
0250,5000,0182.876,0
0250,5000,0277.836,1
0250,5000,0143.585,0
0250,5000,0108.224,0
0250,5000,0111.164,0
0250,5000,0123.318,0
0250,5000,0122.674,0
0250,5000,0182.760,0
0250,5000,0202.878,0
0250,5000,0187.896,0
0250,5000,0194.344,0
0250,5000,0150.495,0
0250,5000,0177.056,0
0250,5000,0195.855,0
0250,5000,0128.057,0
0250,5000,0122.098,0
0250,5000,0157.998,0
0250,5000,0166.945,0
0250,5000,0175.981,0
0250,5000,0159.818,0
0250,5000,0175.056,0
0250,5000,0120.884,0
0250,5000,0154.604,0
0250,5000,0159.283,0
0250,5000,0147.008,0
0250,5000,0099.188,0
0250,5000,0189.476,0
0250,5000,0149.930,0
0250,5000,0188.754,1
0250,5000,0144.382,1
0250,5000,0163.451,0
0250,5000,0162.946,0
0250,5000,0111.989,0
0250,5000,0183.912,1
0250,5000,0140.905,0
0250,5000,0141.118,0
0250,5000,0177.714,0
0250,5000,0211.751,1
0250,5000,0213.526,1
0250,5000,0174.404,0
0250,5000,0168.176,0
0250,5000,0186.383,1
0250,5000,0182.660,0
0250,5000,0123.203,0
0250,5000,0145.179,0
0250,5000,0154.761,0
0250,5000,0170.541,0
0300,5000,0153.712,0
0300,5000,0159.407,1
0300,5000,0180.600,0
0300,5000,0157.752,0
0300,5000,0140.131,0
0300,5000,0156.302,1
0300,5000,0139.591,0
0300,5000,0251.064,1
0300,5000,0203.498,1
0300,5000,0193.594,1
0300,5000,0152.569,0
0300,5000,0201.888,0
0300,5000,0216.850,0
0300,5000,0153.247,0
0300,5000,0193.132,0
0300,5000,0200.938,0
0300,5000,0213.427,0
0300,5000,0290.501,1
0300,5000,0184.042,0
0300,5000,0154.734,0
0300,5000,0127.951,0
0300,5000,0136.217,0
0300,5000,0142.013,0
0300,5000,0170.255,1
0300,5000,0151.829,0
0300,5000,0161.820,1
0300,5000,0178.475,0
0300,5000,0191.367,0
0300,5000,0143.127,0
0300,5000,0148.621,1
0300,5000,0182.580,0
0300,5000,0186.782,0
0300,5000,0176.638,0
0300,5000,0187.276,0
0300,5000,0186.444,1
0300,5000,0196.853,0
0300,5000,0145.192,0
0300,5000,0132.322,0
0300,5000,0208.667,0
0300,5000,0204.135,0
0300,5000,0196.783,0
0300,5000,0187.863,1
0300,5000,0194.428,0
0300,5000,0188.668,0
0300,5000,0276.964,1
0300,5000,0173.115,1
0300,5000,0150.776,0
0300,5000,0245.993,0
0300,5000,0178.044,0
0300,5000,0180.925,0
0400,5000,0182.063,0
0400,5000,0179.540,1
0400,5000,0242.867,0
0400,5000,0253.807,0
0400,5000,0243.121,0
0400,5000,0205.869,0
0400,5000,0251.038,1
0400,5000,0165.000,0
0400,5000,0209.711,0
0400,5000,0250.629,0
0400,5000,0212.672,1
0400,5000,0219.703,0
0400,5000,0225.351,0
0400,5000,0240.897,0
0400,5000,0195.403,0
0400,5000,0231.176,0
0400,5000,0255.220,0
0400,5000,0235.449,0
0400,5000,0288.731,1
0400,5000,0258.527,1
0400,5000,0297.213,1
0400,5000,0310.527,1
0400,5000,0231.355,1
0400,5000,0230.134,1
0400,5000,0217.281,1
0400,5000,0250.733,1
0400,5000,0181.488,0
0400,5000,0262.959,0
0400,5000,0269.356,1
0400,5000,0303.713,1
0400,5000,0290.139,0
0400,5000,0161.964,0
0400,5000,0198.779,0
0400,5000,0255.414,1
0400,5000,0251.389,1
0400,5000,0252.493,1
0400,5000,0266.665,1
0400,5000,0255.958,1
0400,5000,0271.738,0
0400,5000,0279.921,0
0400,5000,0286.267,1
0400,5000,0241.844,1
0400,5000,0252.061,1
0400,5000,0220.398,0
0400,5000,0256.307,0
0400,5000,0250.346,1
0400,5000,0246.569,1
0400,5000,0289.380,1
0400,5000,0277.908,0
0400,5000,0270.615,1
0500,5000,0312.755,1
0500,5000,0266.566,1
0500,5000,0279.611,1
0500,5000,0256.336,1
0500,5000,0240.901,0
0500,5000,0347.316,0
0500,5000,0336.237,1
0500,5000,0267.647,1
0500,5000,0237.594,0
0500,5000,0262.227,1
0500,5000,0414.145,1
0500,5000,0270.094,1
0500,5000,0279.818,0
0500,5000,0249.189,1
0500,5000,0329.601,0
0500,5000,0347.735,1
0500,5000,0280.974,1
0500,5000,0325.352,1
0500,5000,0248.090,1
0500,5000,0282.013,1
0500,5000,0319.293,1
0500,5000,0293.664,1
0500,5000,0234.227,0
0500,5000,0267.465,1
0500,5000,0310.587,1
0500,5000,0339.035,1
0500,5000,0254.073,1
0500,5000,0320.620,1
0500,5000,0323.414,0
0500,5000,0279.793,1
0500,5000,0265.934,1
0500,5000,0281.217,0
0500,5000,0299.809,0
0500,5000,0280.030,1
0500,5000,0311.928,1
0500,5000,0319.775,1
0500,5000,0330.647,0
0500,5000,0277.008,1
0500,5000,0246.978,0
0500,5000,0292.908,1
0500,5000,0235.419,0
0500,5000,0139.901,1
0500,5000,0267.292,1
0500,5000,0294.874,1
0500,5000,0291.865,0
0500,5000,0270.783,0
0500,5000,0241.054,1
0500,5000,0222.104,1
0500,5000,0297.087,1
0500,5000,0288.829,1
0600,5000,0462.088,1
0600,5000,0342.624,0
0600,5000,0380.915,1
0600,5000,0397.364,1
0600,5000,0374.570,1
0600,5000,0538.528,1
0600,5000,0379.220,0
0600,5000,0296.090,1
0600,5000,0326.550,1
0600,5000,0365.722,1
0600,5000,0259.394,1
0600,5000,0368.735,1
0600,5000,0342.666,1
0600,5000,0373.526,1
0600,5000,0380.873,1
0600,5000,0334.158,1
0600,5000,0330.671,1
0600,5000,0380.413,0
0600,5000,0346.048,1
0600,5000,0352.888,1
0600,5000,0321.694,1
0600,5000,0227.409,1
0600,5000,0333.167,1
0600,5000,0303.142,1
0600,5000,0280.330,1
0600,5000,0299.673,1
0600,5000,0284.840,1
0600,5000,0344.351,0
0600,5000,0268.794,0
0600,5000,0269.701,1
0600,5000,0426.075,1
0600,5000,0330.766,0
0600,5000,0297.857,1
0600,5000,0377.786,1
0600,5000,0293.477,1
0600,5000,0297.703,1
0600,5000,0412.978,1
0600,5000,0372.977,1
0600,5000,0283.507,1
0600,5000,0413.993,1
0600,5000,0288.152,1
0600,5000,0353.948,1
0600,5000,0279.901,1
0600,5000,0376.518,1
0600,5000,0332.397,1
0600,5000,0355.932,1
0600,5000,0470.624,1
0600,5000,0372.247,1
0600,5000,0308.240,0
0600,5000,0352.424,1
0800,5000,0490.838,1
0800,5000,0433.896,0
0800,5000,0408.936,1
0800,5000,0457.128,1
0800,5000,0530.310,1
0800,5000,0488.963,1
0800,5000,0407.844,1
0800,5000,0471.185,1
0800,5000,0406.742,1
0800,5000,0468.116,1
0800,5000,0471.369,1
0800,5000,0410.688,1
0800,5000,0562.259,1
0800,5000,0525.082,1
0800,5000,0374.558,1
0800,5000,0347.044,1
0800,5000,0487.205,1
0800,5000,0464.480,1
0800,5000,0457.024,1
0800,5000,0399.497,1
0800,5000,0509.139,1
0800,5000,0782.232,1
0800,5000,0372.730,1
0800,5000,0462.009,1
0800,5000,0411.876,1
0800,5000,0353.292,1
0800,5000,0457.937,1
0800,5000,0506.785,1
0800,5000,0596.370,1
0800,5000,0436.207,1
0800,5000,0465.474,1
0800,5000,0474.289,1
0800,5000,0443.800,1
0800,5000,0395.323,1
0800,5000,0495.134,1
0800,5000,0508.209,1
0800,5000,0471.672,1
0800,5000,0369.918,1
0800,5000,0415.974,1
0800,5000,0442.739,1
0800,5000,0345.896,1
0800,5000,0490.285,1
0800,5000,0455.314,1
0800,5000,0513.321,1
0800,5000,0476.194,1
0800,5000,0388.594,1
0800,5000,0373.324,1
0800,5000,0989.231,1
0800,5000,0415.035,1
0800,5000,0397.398,0
1000,5000,0449.880,1
1000,5000,0640.669,1
1000,5000,0599.492,1
1000,5000,0516.037,1
1000,5000,0449.366,1
1000,5000,0484.878,1
1000,5000,0583.805,1
1000,5000,0500.738,1
1000,5000,0654.375,1
1000,5000,0398.416,1
1000,5000,0482.302,1
1000,5000,0388.428,1
1000,5000,0470.345,1
1000,5000,0553.405,1
1000,5000,0605.386,1
1000,5000,0422.660,1
1000,5000,0490.880,1
1000,5000,0552.266,1
1000,5000,0496.666,1
1000,5000,0523.208,1
1000,5000,0619.249,1
1000,5000,0577.113,1
1000,5000,0540.782,1
1000,5000,0440.714,1
1000,5000,0487.240,1
1000,5000,0523.688,1
1000,5000,0530.653,1
1000,5000,0695.723,1
1000,5000,0564.007,1
1000,5000,0436.869,1
1000,5000,0367.058,1
1000,5000,0428.246,1
1000,5000,0433.720,1
1000,5000,0465.083,1
1000,5000,0603.609,1
1000,5000,0538.321,1
1000,5000,0604.285,1
1000,5000,0662.533,1
1000,5000,0590.407,1
1000,5000,0291.759,1
1000,5000,0577.839,1
1000,5000,0368.035,1
1000,5000,0508.210,1
1000,5000,0600.644,1
1000,5000,0542.203,1
1000,5000,0597.612,1
1000,5000,0491.377,1
1000,5000,0468.882,1
1000,5000,0440.470,1
1000,5000,0913.564,1
